Selectivity,Sensitivity,Accuracy
1.00,1.00,1.00,96
